Mean_Absolute_Error: 4487.078878308818
Mean_Absolute_Percentage_Error: 1.130686468763342
Mean_Squared_Error: 96536094.77788743
R2_Score: 0.6019046793375527
